117
1 5.000000 0.000000
2 4.319924 2.517589
3 3.187903 3.851919
4 2.205551 4.487265
5 1.479942 4.775958
6 0.975012 4.904014
7 0.632168 4.959875
8 0.401808 4.983829
9 0.247725 4.993859
10 0.144863 4.997901
11 0.076251 4.999419
12 0.030502 4.999907
13 0.000000 5.000000
14 5.145371 0.000000
15 4.445522 2.590786
16 3.280588 3.963910
17 2.269676 4.617728
18 1.522970 4.914815
19 1.003359 5.046594
20 0.650548 5.104080
21 0.413491 5.128730
22 0.254928 5.139052
23 0.149075 5.143211
24 0.078468 5.144773
25 0.031388 5.145275
26 0.000000 5.145371
27 5.348891 0.000000
28 4.621360 2.693262
29 3.410348 4.120698
30 2.359451 4.800377
31 1.583209 5.109215
32 1.043046 5.246207
33 0.676280 5.305966
34 0.429846 5.331591
35 0.265011 5.342322
36 0.154971 5.346645
37 0.081572 5.348269
38 0.032630 5.348791
39 0.000000 5.348891
40 5.633818 0.000000
41 4.867533 2.836728
42 3.592013 4.340202
43 2.485135 5.056086
44 1.667545 5.381375
45 1.098608 5.525664
46 0.712304 5.588607
47 0.452743 5.615597
48 0.279128 5.626899
49 0.163226 5.631453
50 0.085917 5.633163
51 0.034368 5.633713
52 0.000000 5.633818
53 6.032716 0.000000
54 5.212175 3.037581
55 3.846342 4.647507
56 2.661093 5.414079
57 1.785614 5.762400
58 1.176394 5.916905
59 0.762738 5.984304
60 0.484799 6.013205
61 0.298891 6.025308
62 0.174784 6.030184
63 0.092001 6.032015
64 0.036801 6.032604
65 0.000000 6.032716
66 6.591174 0.000000
67 5.694674 3.318774
68 4.202404 5.077733
69 2.907435 5.915268
70 1.950911 6.295834
71 1.285294 6.464642
72 0.833346 6.538280
73 0.529678 6.569857
74 0.326560 6.583079
75 0.190964 6.588407
76 0.100517 6.590408
77 0.040208 6.591052
78 0.000000 6.591174
79 7.373015 0.000000
80 6.370173 3.712445
81 4.700891 5.680051
82 3.252313 6.616934
83 2.182327 7.042642
84 1.437755 7.231474
85 0.932197 7.313847
86 0.592508 7.349169
87 0.365297 7.363960
88 0.213616 7.369920
89 0.112441 7.372158
90 0.044978 7.372878
91 0.000000 7.373015
92 8.467592 0.000000
93 7.315871 4.263584
94 5.398772 6.523295
95 3.735142 7.599265
96 2.506309 8.088172
97 1.651200 8.305038
98 1.070589 8.399640
99 0.680470 8.440206
100 0.419528 8.457193
101 0.245328 8.464037
102 0.129133 8.466607
103 0.051655 8.467434
104 0.000000 8.467592
105 10.000000 0.000000
106 8.639848 5.035179
107 6.375805 7.703837
108 4.411103 8.974529
109 2.959883 9.551916
110 1.950023 9.808028
111 1.264337 9.919751
112 0.803617 9.967658
113 0.495451 9.987719
114 0.289726 9.995802
115 0.152503 9.998837
116 0.061003 9.999814
117 0.000000 10.000000
