1 2 14
2 14 15
2 3 15
3 15 16
3 4 16
4 16 17
4 5 17
5 17 18
5 6 18
6 18 19
6 7 19
7 19 20
7 8 20
8 20 21
8 9 21
9 21 22
9 10 22
10 22 23
10 11 23
11 23 24
11 12 24
12 24 25
12 13 25
13 25 26
14 15 27
15 27 28
15 16 28
16 28 29
16 17 29
17 29 30
17 18 30
18 30 31
18 19 31
19 31 32
19 20 32
20 32 33
20 21 33
21 33 34
21 22 34
22 34 35
22 23 35
23 35 36
23 24 36
24 36 37
24 25 37
25 37 38
25 26 38
26 38 39
27 28 40
28 40 41
28 29 41
29 41 42
29 30 42
30 42 43
30 31 43
31 43 44
31 32 44
32 44 45
32 33 45
33 45 46
33 34 46
34 46 47
34 35 47
35 47 48
35 36 48
36 48 49
36 37 49
37 49 50
37 38 50
38 50 51
38 39 51
39 51 52
40 41 53
41 53 54
41 42 54
42 54 55
42 43 55
43 55 56
43 44 56
44 56 57
44 45 57
45 57 58
45 46 58
46 58 59
46 47 59
47 59 60
47 48 60
48 60 61
48 49 61
49 61 62
49 50 62
50 62 63
50 51 63
51 63 64
51 52 64
52 64 65
53 54 66
54 66 67
54 55 67
55 67 68
55 56 68
56 68 69
56 57 69
57 69 70
57 58 70
58 70 71
58 59 71
59 71 72
59 60 72
60 72 73
60 61 73
61 73 74
61 62 74
62 74 75
62 63 75
63 75 76
63 64 76
64 76 77
64 65 77
65 77 78
66 67 79
67 79 80
67 68 80
68 80 81
68 69 81
69 81 82
69 70 82
70 82 83
70 71 83
71 83 84
71 72 84
72 84 85
72 73 85
73 85 86
73 74 86
74 86 87
74 75 87
75 87 88
75 76 88
76 88 89
76 77 89
77 89 90
77 78 90
78 90 91
79 80 92
80 92 93
80 81 93
81 93 94
81 82 94
82 94 95
82 83 95
83 95 96
83 84 96
84 96 97
84 85 97
85 97 98
85 86 98
86 98 99
86 87 99
87 99 100
87 88 100
88 100 101
88 89 101
89 101 102
89 90 102
90 102 103
90 91 103
91 103 104
92 93 105
93 105 106
93 94 106
94 106 107
94 95 107
95 107 108
95 96 108
96 108 109
96 97 109
97 109 110
97 98 110
98 110 111
98 99 111
99 111 112
99 100 112
100 112 113
100 101 113
101 113 114
101 102 114
102 114 115
102 103 115
103 115 116
103 104 116
104 116 117
